-1.00000     -1.00000     -1.00000     0.926
-1.00000     -1.00000      1.00000     0.998
-1.00000      1.00000     -1.00000     1.072
-1.00000      1.00000      1.00000     1.091
 1.00000     -1.00000     -1.00000     0.926
 1.00000     -1.00000      1.00000     1.007
 1.00000      1.00000     -1.00000     1.009
 1.00000      1.00000      1.00000     1.058
-1.68170      0.00000      0.00000     1.232
 1.68179      0.00000      0.00000     0.997
 0.00000     -1.68179      0.00000     0.945
 0.00000      1.68179      0.00000     1.231
 0.00000      0.00000     -1.68179     0.927
 0.00000      0.00000      1.68179     1.234
 0.00000      0.00000      0.00000     1.245
 0.00000      0.00000      0.00000     1.232
 0.00000      0.00000      0.00000     1.212
 0.00000      0.00000      0.00000     1.201
 0.00000      0.00000      0.00000     1.222
 0.00000      0.00000      0.00000     1.213





